A=
     0.249      0.111      0.467      0.772      0.658      0.433 
     0.111      0.354      0.944      0.101      0.642     0.0286 
     0.467      0.944      0.248       0.32       0.99      0.682 
     0.772      0.101       0.32      0.655      0.283      0.615 
     0.658      0.642       0.99      0.283      0.704      0.702 
     0.433     0.0286      0.682      0.615      0.702       0.95 
D=
     0.249       0.48      0.852      0.394      0.454      0.358 
      0.48      0.677       1.16       0.97     -0.425      0.283 
     0.852       1.16      0.856      0.933      0.123      0.185 
     0.394       0.97      0.933      0.676      0.567   1.11e-16 
     0.454     -0.425      0.123      0.567      0.516      0.234 
     0.358      0.283      0.185   5.55e-17      0.234      0.185 
H=
     0.249       0.48      0.852      0.394      0.454      0.358 
      0.48      0.677       1.16       0.97     -0.425      0.283 
     0.852       1.16      0.856      0.933      0.123      0.185 
     0.394       0.97      0.933      0.676      0.567   1.11e-16 
     0.454     -0.425      0.123      0.567      0.516      0.234 
     0.358      0.283      0.185   5.55e-17      0.234      0.185 
V=
         1          0          0          0          0          0 
         0      0.231      0.973          0          0          0 
         0   3.99e-17  -9.45e-18      0.288      0.957          0 
         0      0.403    -0.0957  -9.18e-17   9.92e-18       0.91 
         0     -0.737      0.175      0.531      -0.16      0.345 
         0      0.491     -0.116      0.797      -0.24      -0.23 
