A=
     0.383      0.871      0.661     0.0523      0.366      0.676     0.0424 
     0.871      0.954      0.844      0.855      0.449      0.932      0.445 
     0.661      0.844      0.111      0.882      0.402      0.805      0.335 
    0.0523      0.855      0.882      0.867      0.025      0.747      0.565 
     0.366      0.449      0.402      0.025      0.175      0.478      0.386 
     0.676      0.932      0.805      0.747      0.478     0.0286      0.952 
    0.0424      0.445      0.335      0.565      0.386      0.952     0.0249 
The Hessenberg factorization took 0.0005242 seconds.
H=
     0.383       1.34   -6.9e-18  -2.65e-17   3.84e-17  -9.83e-18  -2.84e-17 
      1.34       2.59      -1.66  -1.51e-17  -1.77e-17   -1.1e-16   4.12e-17 
  -6.9e-18      -1.66      0.864     -0.563  -5.41e-17  -8.99e-18  -8.46e-18 
 -2.65e-17  -9.69e-17     -0.563     -0.371      -0.42  -2.34e-17  -3.44e-17 
  3.84e-17  -6.95e-17  -4.35e-17      -0.42     -0.385     -0.497  -5.55e-17 
 -9.83e-18  -1.38e-16  -1.61e-17  -7.81e-18     -0.497     -0.246      0.023 
 -2.84e-17     -5e-17  -6.92e-17  -1.15e-17  -2.78e-17      0.023     -0.287 
Q=
         1          0          0          0          0          0          0 
         0      0.651    0.00241     -0.393     -0.228      0.462      0.395 
         0      0.494     0.0668      0.188     -0.572      -0.45     -0.431 
         0      0.039     -0.799      0.299    -0.0704      0.422     -0.295 
         0      0.274    -0.0516     -0.528      0.548    -0.0657     -0.583 
         0      0.505     0.0585      0.604       0.56     -0.113      0.225 
         0     0.0317     -0.592     -0.279     0.0372     -0.624      0.425 
Checking A = QHQ.T
QHQT=
     0.383      0.871      0.661     0.0523      0.366      0.676     0.0424 
     0.871      0.954      0.844      0.855      0.449      0.932      0.445 
     0.661      0.844      0.111      0.882      0.402      0.805      0.335 
    0.0523      0.855      0.882      0.867      0.025      0.747      0.565 
     0.366      0.449      0.402      0.025      0.175      0.478      0.386 
     0.676      0.932      0.805      0.747      0.478     0.0286      0.952 
    0.0424      0.445      0.335      0.565      0.386      0.952     0.0249 
This should be equal to the identity matrix:
         1          0          0          0          0          0          0 
         0          1          0   1.11e-16   7.55e-17  -7.63e-17  -7.29e-17 
         0          0          1   2.78e-17  -1.04e-17   1.11e-16          0 
         0   1.11e-16   2.78e-17          1   1.73e-16   2.78e-17   1.39e-17 
         0   7.55e-17  -1.04e-17   1.73e-16          1  -1.04e-17   1.32e-16 
         0  -7.63e-17   1.11e-16   2.78e-17  -1.04e-17          1          0 
         0  -7.29e-17          0   1.39e-17   1.32e-16          0          1 
Since this is furfilled H must be the lower Hessenberg form of the matrix A
Determinant = 0.0613194135809739
