A=
     0.249      0.111      0.467      0.772      0.658      0.433 
     0.111      0.354      0.944      0.101      0.642     0.0286 
     0.467      0.944      0.248       0.32       0.99      0.682 
     0.772      0.101       0.32      0.655      0.283      0.615 
     0.658      0.642       0.99      0.283      0.704      0.702 
     0.433     0.0286      0.682      0.615      0.702       0.95 
H=
    -0.705     -0.183   3.23e-09  -9.66e-10   -8.6e-09   1.18e-09 
    -0.183     -0.398     -0.282   1.12e-09          0  -3.83e-09 
  3.23e-09     -0.282     -0.315      0.151  -3.77e-09          0 
 -9.66e-10   1.12e-09      0.151      0.419     -0.363   5.66e-09 
  -8.6e-09   -9.3e-17  -3.77e-09     -0.363       2.62      0.976 
  1.18e-09  -3.83e-09   7.13e-17   5.66e-09      0.976       1.54 
V=
    -0.129     0.0488      0.875      0.211      0.246      0.332 
     0.272      0.656     -0.037      0.102      0.578     -0.386 
    -0.788     -0.167     -0.216     -0.113      0.539    -0.0396 
     0.115    -0.0398     -0.404      0.721      0.184      0.519 
     0.523     -0.605     0.0116     -0.283      0.526     0.0527 
     0.043      0.414     -0.153     -0.577     0.0584      0.683 
