Laver A og kører jacobi som bliver til D og laver V.
A=
     0.249 
D=
     0.249 
V=
     0.249 
V.T*A*V=
    0.0154 
Laver A og kører jacobi som bliver til D og laver V.
A=
     0.249      0.111 
     0.111      0.467 
D=
     0.202          0 
         0      0.513 
V=
     0.202          0 
         0      0.513 
V.T*A*V=
    0.0102     0.0115 
    0.0115      0.123 
Laver A og kører jacobi som bliver til D og laver V.
A=
     0.249      0.111      0.467 
     0.111      0.772      0.658 
     0.467      0.658      0.433 
D=
    -0.282          0  -2.58e-10 
 -3.12e-17      0.327   4.11e-16 
 -2.58e-10   4.15e-16       1.41 
V=
    -0.282          0          0 
         0      0.327          0 
         0          0       1.41 
V.T*A*V=
    0.0198    -0.0102     -0.186 
   -0.0102     0.0826      0.303 
    -0.186      0.303      0.858 
Laver A og kører jacobi som bliver til D og laver V.
A=
     0.249      0.111      0.467      0.772 
     0.111      0.658      0.433      0.354 
     0.467      0.433      0.944      0.101 
     0.772      0.354      0.101      0.642 
D=
    -0.468    1.6e-16          0  -2.33e-09 
  1.66e-16      0.425   1.23e-09  -4.08e-14 
 -1.37e-16   1.23e-09      0.778   3.01e-16 
 -2.33e-09  -4.08e-14   3.64e-16       1.76 
V=
    -0.468          0          0          0 
         0      0.425          0          0 
         0          0      0.778          0 
         0          0          0       1.76 
V.T*A*V=
    0.0545     -0.022      -0.17     -0.635 
    -0.022      0.119      0.143      0.264 
     -0.17      0.143      0.572      0.139 
    -0.635      0.264      0.139       1.98 
