Laver A og kører jacobi som bliver til D og laver V.
A=
     0.249 
D=
     0.249 
V=
         1 
V.T*A*V=
     0.249 
Laver A og kører jacobi som bliver til D og laver V.
A=
     0.249      0.111 
     0.111      0.467 
D=
     0.202          0 
         0      0.513 
V=
     0.923      0.386 
    -0.386      0.923 
V.T*A*V=
     0.202          0 
         0      0.513 
Laver A og kører jacobi som bliver til D og laver V.
A=
     0.249      0.111      0.467 
     0.111      0.772      0.658 
     0.467      0.658      0.433 
D=
    -0.282          0  -2.58e-10 
 -3.12e-17      0.327   4.11e-16 
 -2.58e-10   4.15e-16       1.41 
V=
     0.558     -0.765      0.321 
     0.396      0.586      0.707 
    -0.729     -0.267       0.63 
V.T*A*V=
    -0.282  -3.47e-17  -2.58e-10 
 -2.78e-17      0.327   3.54e-16 
 -2.58e-10   4.72e-16       1.41 
Laver A og kører jacobi som bliver til D og laver V.
A=
     0.249      0.111      0.467      0.772 
     0.111      0.658      0.433      0.354 
     0.467      0.433      0.944      0.101 
     0.772      0.354      0.101      0.642 
D=
    -0.468    1.6e-16          0  -2.33e-09 
  1.66e-16      0.425   1.23e-09  -4.08e-14 
 -1.37e-16   1.23e-09      0.778   3.01e-16 
 -2.33e-09  -4.08e-14   3.64e-16       1.76 
V=
     0.752     -0.348     -0.303      0.471 
     0.208      0.847      0.223      0.436 
    -0.272     -0.401      0.666      0.567 
    -0.564     0.0419     -0.644      0.516 
V.T*A*V=
    -0.468   1.51e-16  -8.33e-17  -2.33e-09 
  1.49e-16      0.425   1.23e-09  -4.08e-14 
 -1.11e-16   1.23e-09      0.778   2.78e-16 
 -2.33e-09  -4.08e-14   4.44e-16       1.76 
